227,5921|111,0161
247,7641|59,4956
73,4457|-1,5353
227,6755|111,2483
257,4967|79,7010
278,8218|92,5088
108,0481|-12,3841
253,5700|78,1365
97,8751|-28,0554
267,9471|125,6270
78,0233|-25,5878
93,2807|43,9398
79,5282|29,9679
221,9156|88,6004
294,9699|118,4316
64,5157|-41,3854
262,4085|54,4866
257,2762|86,2154
144,9193|-16,3266
104,4005|29,3378
88,1245||5,3093
95,7190|-42,6240
114,3511|50,7526
252,6199|93,5141
234,3150|160,6033
257,1668|64,5563
89,0542|-21,4600
107,3906|20,0659
88,4934|-62,2504
61,5767|-20,1923
268,2543|79,8613
258,9654|75,5879
113,3243|85,4316
160,3786|34,5877
226,5985|118,4903
260,0160|121,2226
233,0403|52,7211
112,8271|48,3365
271,6099|148,3585
287,2568|74,8535
248,4081|71,9938
78,6303|-16,5341
204,1270|121,7515
286,8681|140,1297
107,8860|20,9663
82,3961|36,7231
125,8764|61,3779
71,2510|-7,1035
263,4893|129,8881
92,0331|-24,6783
243,1127|115,9998
259,9935|173,1726
102,9331|35,3127
255,4304|126,0201
243,8199|84,1493
106,8762|85,5490
91,4229|18,9622
132,3239|0,8947
272,2679|91,9712
244,0090|123,6690
92,4240|-52,4125
112,1061|37,4487
81,4821|-12,9914
265,9055|181,2442
80,4407|-5,5156
267,1826|168,8586
123,9864|37,7104
246,7819|86,9497
68,4887|-24,8163
91,2315|44,0908
279,4337|118,2088
102,3592|-22,8374
266,7067|127,1764
268,7463|43,9439
233,2377|128,0656
123,5500|41,8013
83,1765|4,1939
108,9162|1,9961
234,7069|89,1958
252,6642|160,6632
269,8789|163,1582
234,0219|82,3160
111,8476|-20,0461
253,6999|66,0945
85,8752|13,2570
252,9872|99,9061
104,7887|-67,9452
257,4729|85,8601
216,8061|153,4276
72,6083|40,4570
97,1126|29,8265
276,8298|166,0443
103,3263|-28,5007
101,7432|28,7464
64,8081|20,5892
144,8365||9,8505
75,7902|77,5756
243,5875|108,4532
75,3654|47,0155
231,8247|68,6508