1.723703726     0.498826797
-0.630359813     -0.923503796
-0.202185125     -0.857953653
1.143729972     1.229405946
-0.139817499     0.030267992
-0.92095706     -0.153084041
-0.281960509     -0.927592787
-0.170946379     0.159551048
0.714224677     -0.601481322
-0.070784631     0.967502489
1.479494613     1.078511195
-0.947325053     -0.655304266
1.607245094     0.778021781
1.187859737     1.301620019
-0.418622394     -1.018571908
-0.194067202     -0.663514105
0.764323862     1.442948175
-0.163072604     0.860178721
-0.765617847     -0.793421635
-0.927121799     -0.377060943
-0.127121799     -0.077060943
1.749888607     0.741989347
0.903805658     -0.485388646
0.541294595     0.920240962
0.82169866     1.342655303
0.121982482     -1.19463721
1.057545701     0.89519228
0.269618824     1.305082657
0.212121952     1.306512279
0.170067446     1.432804329
-0.57084872     -0.988651372
0.949888607     0.441989347
0.732535783     -0.699810862
-0.157078768     -0.905387083
0.084859767     0.988685754
-0.148960845     -0.977811663
0.876705222     0.248805372
-0.97521897     -0.000457707
0.673744926     1.345560171
-0.788140507     -0.574489998
0.665883358     -0.777302465
0.449189734     1.195655721
0.923703726     0.198826797
0.981981872     1.190407575
1.2496292     0.988257719
-0.426007874     -1.104099338
-0.753105258     -0.573061584
0.128318125     0.988913065
0.880306406     -0.475753769
0.386944182     -0.960612623
1.364439833     1.075176995
-0.553941465     -0.812860053
-0.832148198     -0.57910967
-0.17521897     0.299542293
-0.977538377     -0.351448026
-0.66563921     -0.670820205
0.865034944     1.274698035
1.170952483     1.541535306
0.514560381     1.208742376
0.127341533     1.045605834
1.575688955     0.840985552
0.92895291     -0.052074397
0.326883755     -1.040670637
1.401855525     1.088275288
-0.939817499     -0.269732008
0.026691488     0.958214185
0.976195563     -0.366526695
0.050923185     0.834673111
0.307962279     -0.709875201
1.676705222     0.548805372
0.094259468     1.030425143
0.324015015     -1.174836695
0.272988067     -1.056627606
1.190179144     1.170405422
0.643470565     1.324702234
0.469710379     -0.859333609
0.658607746     1.388987392
0.613867611     1.000269814
0.51663564     1.311036502
-0.970946379     -0.140448952
-0.024274422     0.980705655
0.339750359     1.165892773
0.528427992     -0.697061588
0.581823176     1.341468077
0.150059511     -1.222471901
0.978331858     -0.373041857
0.359294412     -0.849782444
-0.171190527     0.300159522
0.377105014     1.17090997
-0.177538377     -0.051448026
0.823358867     -0.376850518
0.983520005     -0.150244236
0.556321909     -0.852724481
-0.182421339     0.534094332
1.380492569     1.168660263
-0.12095706     0.146915959
0.807245094     0.478021781
0.88108768     1.244134199
0.812799463     -0.606018955
0.857234413     -0.618544301
0.190160833     -1.079832576
0.76842555     -0.365390939
-0.444502091     -0.926895493
0.603003021     1.115774186
0.624927519     -0.678183689
-0.234962004     -1.030500868
1.043812372     1.235107917
1.227472762     1.183997062
0.417340617     -0.669095781
1.274044008     1.266189195