103.2750     114.5452
176.2410     143.7370
76.6476     117.6516
81.4368     28.3685
85.5658     127.2255
228.3299     194.2271
89.4920     104.5897
151.3162     150.6165
192.6055     121.8676
204.8416     136.3460
182.6340     186.2320
115.3427     178.6313
110.5619     156.8714
197.3613     125.2439
79.8077     167.9459
109.7444     108.7167
113.0061     101.2870
103.6920     131.1954
81.6470     70.9920
208.2851     214.7909
115.2086     172.9209
106.9699     214.4676
113.4990     52.8574
185.0486     116.5474
66.2106     82.4793
67.6771     110.2717
71.0920     88.4912
132.1981     91.1091
92.5283     114.3342
197.3412     199.9694
95.9585     151.3399
97.6972     118.7574
175.7983     108.6315
135.1465     112.5301
108.6019     65.2607
93.6620     157.9255
123.3488     205.5675
169.9499     196.9441
98.7088     70.4505
163.4771     108.7540
115.7094     159.4224
197.1980     117.4001
127.6210     91.9253
229.0779     196.4911
218.2436     115.1214
102.6027     31.3239
114.2932     91.0162
72.0265     175.2190
128.6819     219.7607
179.0800     217.4781
84.2131     144.5760
88.6527     139.8465
182.7199     129.9483
78.7445     37.9128
225.7903     63.6913
197.1948     124.2339
175.9257     191.4712
184.2290     45.9335
97.1016     93.1744
99.3483     64.1710
85.3877     107.7929
198.0444     151.0226
240.7777     85.2845
243.2189     142.9368
126.9935     176.1109
69.4496     153.9716
95.6628     137.4073
100.1586     136.3757
188.1752     120.5736
219.7619     165.2835
129.5058     285.6623
128.4081     125.6994
218.1267     203.7753
223.3758     146.1127
175.7434     108.1797
126.9412     224.1003
160.7871     198.2202
83.5988     81.5910
118.2424     234.5973
195.4384     56.1854
185.6000     190.3430
193.0190     127.9093
225.8576     91.9118
190.8605     84.9363
91.3913     122.1894
211.3428     147.9351
99.3139     190.8906
107.1344     175.9017
164.9846     121.7701
162.1903     136.1346
63.7388     37.3995
127.8476     99.8098
67.1875     115.9123
145.5849     163.7139
178.6185     124.1387
223.5010     98.1948
198.3830     107.3284
194.7146     68.4473
88.8614     217.3818
185.0682     208.0888
122.0417     141.6367
231.9920     203.0767
191.2083     163.8706
159.6483     123.2418
207.1654     111.4469
178.5443     93.1587
109.4969     12.3611
230.9551     99.6011
144.4940     81.2245
100.1538     173.0858
87.4123     87.7746
127.6061     110.4203
176.3954     163.8463
186.4270     109.3459
179.6210     202.4802
98.7580     142.6844
107.8077     100.4858
122.1276     87.9809
108.0347     190.1956
142.3201     150.2337
103.5238     128.6688
101.6437     45.3930
104.3252     176.9995
150.9991     111.3653
216.0440     125.7013
189.7359     113.6569
213.5285     180.3062
184.2678     89.9078
83.9300     101.4850
79.0197     50.6620
102.1850     143.0375
101.2017     147.9003
64.9688     155.7440
96.4692     122.7947
161.9468     116.7728
122.5281     152.1037
206.0753     169.1139
74.4068     53.1459
197.3944     81.5314
96.2668     153.7276
129.6628     175.7247
222.2856     117.3096
76.0095     66.9324
227.1456     179.1023
123.6230     90.3809
114.7543     155.0575
113.3646     197.7273
195.7655     154.9666
124.9354     187.6211
198.1913     190.0228