219.7223 84.0019
83.0304 -36.3296
90.4786 21.9419
116.1268 103.9520
90.1443 27.1864
116.7356 45.0097
61.5785 -8.1757
172.3758 93.0228
101.2351 32.8822
152.9750 44.1275
175.3230 60.1914
196.9045 96.6406
191.4160 152.3570
79.4896 14.0141
93.2963 16.3556
44.7456 -17.8972
105.8863 -14.5394
169.7548 77.3803
185.2369 45.4093
170.9826 41.6098
84.1860 13.0717
116.9257 3.3446
147.8748 108.9723
96.8526 -38.2943
174.8085 127.1939
171.4890 188.0306
63.1433 -2.7782
77.2781 -1.5004
172.2128 85.7432
140.7395 97.8327
81.3732 -5.7703
204.9253 69.9997
109.3649 -12.4931
166.0300 190.2190
168.6294 129.5997
111.0709 -6.0752
147.2456 115.9080
165.6931 64.2701
172.1207 120.9210
163.5421 99.7654
148.1711 145.0040
183.2594 85.9911
129.3694 75.1770
81.9038 -7.6978
151.5188 52.6242
83.9690 -15.7895
90.1612 -11.6535
130.5352 28.2632
86.6223 10.4874
123.2536 -15.7090
108.4050 -14.7719
201.9904 105.5466
168.2981 67.1488
78.6960 -15.8043
182.2893 98.1062
152.0572 20.5395
145.4408 79.7805
193.6829 56.4452
218.4093 163.6768
99.1590 26.6471
184.2859 133.7011
146.8569 140.4531
179.0392 106.7390
117.9142 32.8261
152.9206 95.1076
143.4010 42.3802
140.9615 150.4960
133.8574 145.7281
142.8909 102.2472
116.1631 4.8753
95.4593 24.4589
106.7613 23.9747
187.0227 125.7722
174.8702 92.2016
105.8398 15.6047
160.7223 84.6223
185.1975 109.1668
103.2671 -27.5201
179.2337 44.8961
173.1340 35.3891
86.2437 -1.3966
195.2708 116.3204
97.8408 30.4437
91.3259 -70.3664
162.6013 116.9303
157.7044 103.3649
72.5676 -39.9572
181.6493 107.2078
125.9550 -11.4546
145.8404 33.1455
93.2654 47.0963
152.0785 68.7495
155.4280 57.3250
90.0085 0.6769
117.5022 70.8704
102.3369 -22.1081
68.3522 14.6674
105.6172 6.9839
79.9552 -8.7669
64.6845 34.2977