 67.7103 -23.2939
 254.7906  83.1108
 232.0107 124.1170
 126.7426  66.9756
 60.1027  38.8394
 163.1761 -69.2259
 153.9838 -64.5506
 162.4355 -63.9002
 227.1302  62.5840
 278.2368 116.7441
 274.4096  49.6308
 152.1490 -56.3119
 241.7613  93.3365
 113.9938 -17.0051
 109.9287  25.4680
 250.3591  90.4711
 111.1759  40.3745
 214.7174  73.7007
 223.3935  70.6739
 164.1701 -59.0382
 89.0899  19.0499
 179.4258 -58.9539
 265.5579  93.6807
 150.4285 -51.1529
 131.8506  91.6023
 170.0118 -62.0716
 169.0047 -60.1472
 145.9401 -61.3137
 236.0681 138.5730
 161.3388 -60.0899
 171.4755 -60.0999
 153.4949 -57.7756
 160.2414 -64.4183
 105.4565 -24.5190
 257.6340 133.0863
 240.6421 175.2209
 253.7491 115.3071
 148.1881 -60.8862
 152.4545 -64.0955
 101.5872 -34.0598
 113.2685  -5.1385
 167.6739 -56.0891
 153.4438 -59.3472
 229.0312  97.7806
 173.3414 -63.7767
 227.4122  65.2147
 149.1822 -57.3774
 88.4769  29.9920
 106.7035  76.1535
 150.1796 -61.8659
 85.9899  46.2523
 114.5294  59.0738
 229.2543  76.9559
 192.7187  66.1685
 171.7874 -63.3599
 104.0771 -11.9979
 153.9499 -67.8027
 113.1035  26.5883
 121.6838 125.4997
 141.7025 -54.0307
 157.4716 -64.0007
 116.3150  39.8955
 92.2182  60.9060
 240.1169 141.9273
 295.8039  98.6445
 267.5802 164.4743
 226.3135 148.2587
 142.9248 -58.4570
 148.9296 -59.5998
 77.5220  32.0292
 171.3219 -62.2057
 230.6028 154.0591
 118.1532  37.9128
 73.6297   3.8709
 145.9320 -63.2650
 129.3930  42.7288
 278.0147  74.0185
 119.6733  19.6637
 144.3839 -62.7827
 153.3359 -52.3039
 174.1036 -59.0253
 304.3158 122.6432
 248.2932  52.1157
 167.0078 -63.7046
 162.7386 -55.2206
 143.3774 -59.9275
 264.5995  19.5271
 244.6337  80.6241
 74.5909  55.0893
 142.5616 -65.3493
 244.7902  40.9250
 151.4278 -60.1591
 150.5685 -63.1340
 107.3840  44.8178
 169.9188 -64.1203
 172.9700 -71.9004
 152.5838 -61.5865
 161.7022 -58.5458
 95.9404  14.3680
 137.8153  75.6222