     188.9529      16.0870
     229.5702      18.7987
     125.0637      23.2785
     245.7479      25.5315
     237.4283      23.4522
      85.5458      16.7690
     223.5240      20.8169
     218.5015      20.9678
     110.2330      20.2451
     223.4989      25.6809
     232.5032      21.4498
     112.8132      23.7642
     238.4698      21.8603
     249.5488      23.0696
     218.2471      21.2897
      88.7428      18.3856
     240.8136      25.4123
      78.1506      17.5896
      92.6649      18.8371
      82.8985      18.2708
      90.9377      17.3877
     219.7335      20.5916
      86.6618      18.7200
     101.2546      21.3408
     207.9066      17.5773
     252.5523      23.5248
     119.5564      23.8650
     210.3619      19.8232
     237.2547      22.7253
      94.4608      18.9301
     215.6687      20.5429
     200.2945      17.6418
     228.6176      20.3960
     206.7203      17.4686
     218.1694      19.8011
     225.8737      21.5257
     128.3076      26.2946
     234.9078      22.2479
     234.9625      21.9180
     247.0177      23.7859
      86.9504      19.5278
     223.7282      20.2773
      87.0812      18.8322
     238.1614      20.5209
     104.2669      21.5524
     218.4897      20.0204
     235.6074      22.1116
     225.0713      19.9573
     125.8224      21.1380
     224.8025      23.5855
     102.1485      20.3305
      93.5366      19.2091
     225.8082      19.6469
      89.0356      18.4010
     123.6746      22.3056
      92.7481      18.2622
     235.2556      22.4196
      93.2923      20.8196
     223.5281      20.4711
     117.4925      22.1146
     252.7436      22.3449
     106.7760      19.0794
     246.8624      24.0248
     106.1444      21.9518
     106.1923      19.5382
     239.2715      22.2001
     205.1299      19.1443
     124.5679      23.6750
     216.0601      20.2546
     214.9469      19.6831
     104.4181      20.5597
     251.5161      22.1907
     222.0624      19.1824
     227.1745      23.9345
     116.6680      20.9236
     104.3949      19.7399
      74.0902      17.5524
      86.4084      19.2545
      67.6753      15.2744
     226.3126      20.0891
     213.8478      22.1389
     209.7452      18.3506
     234.9059      23.4950
     121.5684      24.0792
     201.3042      17.6667
      77.3501      17.5636
      98.5221      19.9473
      79.4793      19.4419
     227.5796      19.8700
     227.6130      21.8597
     233.1552      21.3026
      86.7037      20.5131
     217.3785      19.2750
      79.3421      18.9522
     230.1061      20.1768
      97.6063      17.7124
     180.1468      14.1044
     104.0170      19.5535
     212.6119      20.1472
      89.8716      19.1705
     211.2784      19.9338
     233.8537      22.1638
     150.5414      25.6670
     252.9749      24.2002
      94.9685      18.0583
      80.4979      18.3732
      89.5799      17.7558
     234.9023      21.1489
     217.4724      19.4337
      83.3984      18.6089
     241.1183      20.8234
     217.6350      17.4287
     220.7113      20.4721
      60.3948      16.1926
     215.2078      21.5670
     227.7416      21.5126
     115.8836      23.0942
     213.3369      18.3534
     238.2284      21.2278
     239.4326      22.9402
     196.4175      17.9804
      64.0424      13.5615
     113.8553      18.8977
      64.0269      15.1030
     214.8349      20.0692
     121.5206      23.1788
     215.5374      18.9196
     102.0253      22.1263
     232.5576      22.7104
     212.6663      18.1474
     125.7976      23.2080
     234.9311      22.1429
     109.7719      18.3740
      96.4396      19.7921
     195.8476      17.8216
     245.7894      23.7990
     133.4655      26.6771
     113.3100      23.7038
      75.5081      16.0810
     129.0107      26.1627
      86.1831      17.6148
     111.9656      21.5528
      95.2082      18.3760
     207.1164      18.4826
     209.7463      18.6802
     204.4157      19.0448
     230.1279      21.8523
     190.5112      16.8761
     206.1816      17.8692
     211.2107      21.3608
     122.3707      22.8959
     246.7183      24.9881
     230.0237      21.7182
     262.3546      25.4313
      94.4334      16.4465
     213.7041      18.1344
      95.5446      20.2408
     196.9655      14.9149
      92.4815      17.9503
     240.5044      22.1028
      94.2628      18.2903
     232.1300      21.3638
     237.7359      25.5633
     101.3293      20.3683
     222.2139      19.4074
     135.8223      24.6124
     203.6705      16.8887
     211.7300      18.6197
     224.1067      18.8281
      82.4890      17.8752
     254.5308      25.0491
      96.6156      19.2094
     105.2020      21.6012
     228.1559      20.6252
     223.2201      21.5896
     209.2608      17.6057
     220.5256      18.6819
     187.4900      14.3354
     235.4615      21.3175
     234.7236      22.0176
     212.8765      17.9304
     208.3728      17.4538
     110.4867      21.2384
      97.9915      18.9330
     197.7095      14.6259
      78.6705      14.7609
     118.7042      24.0886
     210.6364      18.7666
     105.9221      21.5159
     234.6633      22.2533
      97.3946      17.0820
     215.6244      19.5509
     213.5803      18.5038
     255.3116      23.5456
     248.9846      23.4056
      77.8599      17.5808
     137.6161      25.0078
     121.1100      23.7018
     109.1523      19.9705
      94.2592      19.6622