     130.3786      23.9893
     100.0411      21.4755
     256.5278      34.5684
     220.0282      30.9115
      80.0342      17.1738
     209.5007      31.3562
     119.1521      24.5753
     244.5032      34.4856
     108.3433      22.0131
     214.7203      29.0070
     110.3313      21.8739
     232.1027      33.8983
     135.3063      26.1909
      97.1504      18.8631
     101.8367      21.6657
     199.0853      26.4046
      98.6287      21.3083
      93.6021      18.7821
     106.5624      19.0522
     232.8832      33.1267
     228.0112      30.9697
     189.4643      26.3060
      87.4915      17.4847
     212.6453      28.5101
     241.3242      32.6933
      61.5221      14.8324
     257.9910      36.0191
      99.4431      19.8118
      67.0125      16.4399
     222.5965      31.9322
      69.6580      17.5975
     233.1034      33.1601
     129.4818      23.1641
     244.2183      36.2430
     227.6109      32.2892
      80.7896      16.8839
      69.6520      17.2193
      94.8927      18.3539
     212.0765      30.8320
      97.4715      19.5692
      67.4091      15.3837
     118.4011      22.6425
     213.2961      31.8646
      86.6970      19.1069
     124.3948      22.4005
     270.8241      35.4694
     112.9167      20.3678
      84.0390      16.7200
     173.2270      22.7472
     232.6937      33.4990
     114.0921      19.3001
      91.7945      20.5228
     109.8021      21.1007
     232.6576      34.0042
     177.5480      24.6276
     122.8265      24.3718
     234.2494      33.4584
     105.0537      22.4445
     103.3130      22.2932
     237.7391      31.2084
     243.8242      32.1002
      97.8898      15.7781
      67.9658      15.6495
     109.8543      21.7040
     233.1254      29.1135
     234.2103      30.3542
     126.6643      21.8284
      89.6610      19.0048
     143.9962      27.3579
     200.1021      26.4173
     244.5108      32.6767
     218.0260      30.6439
     232.7970      30.1489
     225.2732      28.7526
     225.4681      33.9214
     141.5258      24.5240
     159.1043      20.9761
      69.4126      16.1377
     118.0297      22.2541
     218.5470      28.8628
     209.9160      28.8533
     219.7855      27.7106
     223.3592      28.6492
     107.7453      20.7171
     214.3184      29.5796
     257.0337      35.3389
     102.6483      22.3895
      85.7527      18.0762
     115.5384      22.8158
      68.2776      15.3665
      84.5470      15.3996
     227.9652      31.7348
     224.3724      27.7253
     249.2796      36.9652
     218.5163      30.4114
      71.7305      15.5284
     118.6998      22.8045
     232.8188      31.5775
      65.3556      14.4564
     224.9163      29.4743
     194.9992      24.4780
     205.7832      27.8594
     243.9358      34.4793
     219.3169      30.2793
     222.4432      30.4580
     111.8302      24.6143
      76.5072      18.0285
     243.1126      32.2375
     201.0981      29.3020
     232.3310      30.1954
     215.3130      29.7086
      90.6151      18.7455
      82.6666      18.0886
      76.1471      15.8437
     116.1547      22.4660
     182.2643      24.1978
     252.0664      34.5207
      94.4260      20.5739
     213.1162      28.5411
     237.1014      31.3228
      93.5234      20.4459
      98.8431      19.7885
      91.3700      19.5063
     124.9976      23.4199
     209.0278      28.4792
     207.8657      28.4257
     208.1277      30.1834
     212.1879      28.0257
     123.8891      21.8160
     227.1223      29.9447
     232.3902      31.2776
     103.7925      21.4584
      76.6265      16.9280
     113.1347      21.6535
      94.4973      18.9608
      80.8027      16.9799
      70.6775      15.3096
     241.5790      34.2647
     220.0247      28.0623
     205.2315      27.9344
     209.0180      27.7390
      63.6022      13.3618
      89.4167      17.3192
     112.3157      24.8446
     114.2731      22.0026
      87.7379      20.8870
     103.0571      21.5536
     228.4318      31.5785
     189.9261      25.7658
     193.0791      25.4523
     104.3656      18.9398
      39.0718      11.0650
     234.0866      29.3593
     107.4109      19.9904
      82.8724      14.4223
     112.6590      22.8096
     198.8160      29.7788
     233.5060      29.2812
     223.9013      30.0022
     220.4557      30.3931
     125.3582      22.3183
     219.1445      30.3665
     188.3059      25.6370
     104.4117      19.7177
      86.2902      20.8072
      85.8965      17.3219
     195.8899      25.6140
     205.0336      28.9005
     108.3997      22.0776
     214.8895      29.9806
      85.5606      19.1146
     108.4178      19.5671
     207.3379      28.2275
     135.1944      24.8731
      95.7035      19.0734
      87.0314      18.5338
     213.6321      29.7290
     118.9766      23.4192
      94.9029      22.0186
     103.3825      20.8331
     138.1786      21.3173
     225.2885      31.0998
     146.4985      27.0131
     211.7082      28.4608
     129.5482      25.2111
      66.3455      14.1650
     146.4974      26.2395
     111.4435      21.0357
     210.0438      30.5257
     103.9627      21.2525
     226.0857      32.0381
      79.5645      17.1297
     195.3712      27.0025
      99.7434      22.6201
      99.0386      19.8381
     117.7322      22.9220
      83.8900      18.4408
     112.9697      19.8820
     214.7041      29.3562
      97.9889      21.3395