      90.7668      21.3241
     141.7383      15.1514
     102.5668      19.6427
      95.9370      18.8246
     118.3127      19.8171
      76.8923      16.5551
      76.4726      22.7675
     104.8270      17.6470
     101.1728      19.6845
      98.8675      21.6805
      70.4549      15.1882
      77.6835      16.8774
     124.6887      21.2356
      73.5203      14.5591
      78.0146      16.0991
      78.0270      16.7662
      87.0534      23.9007
     114.1173      17.3673
     117.3760      19.1677
      92.0612      19.4819
     129.1568      15.3494
      71.8194      13.3392
      68.6698      24.9680
      75.6222      18.1531
     112.8341      19.5562
      85.0622      18.4525
     106.2441      18.9316
     121.2809      22.8813
     118.7830      19.3275
      89.7272      17.8650
      78.8849      16.9213
      63.0691      14.0242
      99.6959      18.8604
      95.0457      18.2785
     116.2129      22.7931
     120.0523      14.2943
      97.3095      17.6344
     116.6311      23.4764
      77.5623      19.2653
      85.6060      18.8561
     116.5682      19.3914
     123.9569      23.0487
      94.4969      22.7714
     134.0609      26.3547
     103.5636      20.5172
     114.5015      21.1494
      94.5532      21.2522
     106.9900      22.1345
     108.3928      16.3449
     106.2244      20.2615
     113.5490      21.3213
      85.5396      16.7204
      96.5648      19.1199
      87.3032      17.5283
      81.6505      23.4992
      89.1592      20.7810
      95.3112      20.7464
      99.4815      19.3890
     134.3940      15.0197
     118.4044      17.6316
     116.6935      22.2879
      81.2660      22.5965
     126.0469      19.8172
     115.7576      22.1944
     114.1467      20.8869
      81.6570      23.1731
      96.4160      20.6197
      99.7712      19.5095
     106.4646      21.8558
     101.0357      18.3073
      99.6513      18.1137
      94.7808      21.5665
     102.6154      19.9399
      95.4255      20.5361
     102.5455      20.8955
      59.2981      12.8828
      88.0731      19.8272
      69.7018      24.9103
     117.4114      15.5316
      77.3770      23.8754
     133.8782      15.3913
      96.9105      19.3313
      93.4768      21.6828
      89.7251      20.9506
      88.1434      17.7532
      85.7743      16.9166
      76.4569      16.9639
     100.2643      20.1521
      88.9635      20.2819
     125.3993      13.5357
      93.0856      18.7430
      92.9275      19.2151
     109.1920      23.2752
      93.7079      21.2527
     107.7155      18.9689
      83.3603      16.9425
      94.9120      22.2811
     130.0154      23.8077
      86.2922      21.5313
      75.3912      18.1430
     130.8482      16.1736
      87.5822      17.4934
      81.5572      16.5103
      99.5078      19.3398
     103.6590      22.0881
     108.2185      19.9392
     122.1349      23.4975
     133.3344      14.8268
      94.8459      20.2673
      55.7722      26.7309
     110.6162      19.1019
      99.0426      20.3189
      66.1862      15.4875
     129.4020      23.2923
      79.1473      18.1550
      82.8598      18.1888
      89.3275      20.2120
      83.5905      23.5915
      81.0564      15.6369
      82.9095      20.3212
      67.8407      26.1702
      95.5328      20.0368
      75.2734      22.9563
      87.4825      18.7006
      93.0881      20.3998
      95.4324      18.3340
      88.1177      19.1969
      97.1755      19.2089
      97.7230      21.2212
     143.7618      12.5243
     127.8193      23.6857
     112.9427      25.2272
     138.7019      23.7793
     135.6601      22.0326
      89.4863      21.6726
     100.2456      20.1647
     126.2835      17.0523
      97.2802      20.4914
      66.1177      13.5129
      83.2897      19.3093
     120.5636      17.3390
      72.9713      24.4536
      64.0208      26.5372
     107.0942      20.5356
     105.6381      19.1856
     100.9209      19.0680
      97.4689      18.5838
     123.7913      19.5074
      91.8852      18.0610
      90.5300      17.4677
     114.7158      16.8887
      94.7047      20.8812
     106.5293      22.1359
      82.6297      16.8555
     120.0461      16.3762
      79.2254      24.8317
      88.1680      21.3440
      85.0398      16.7898
      90.1901      22.7540
     113.0680      16.8867
     112.5556      17.4735
      92.9579      16.4697
      50.8528      26.5427
     115.2647      18.9546
      91.7579      16.5364
      99.3043      21.7688
      75.4885      14.3511
      52.4161      13.0868
     121.9518      23.5396
     115.5596      18.5183
      82.3045      15.3951
      67.0564      24.0400
      67.0050      23.8607
      84.5014      22.2330
      95.4716      20.3088
     106.4834      19.7740
      73.6495      22.0123
      91.3882      20.5592
     101.7178      19.1352
     108.5183      24.0942
      88.3087      21.9248
     109.3194      19.7742
      99.2811      19.6676
     111.0052      21.1966
      83.7950      21.3220
     105.3909      21.4491
     105.5938      20.4366
      97.8819      21.7264
      92.1050      18.8389
      85.5968      18.6986
     129.3413      23.8819
      95.7209      18.6732
     117.9756      24.1137
     116.2340      19.6542
     137.2344      14.2177
     129.7479      17.8164
     108.3271      18.9769
     108.7683      17.7056
      48.1018      11.8822
      79.0205      23.2285