     244.8653      33.3595
      87.2074      40.8702
     139.4441      24.6939
     102.4839      43.1602
      79.3880      16.8866
     220.5618      29.4179
     213.9031      29.4743
     108.2025      40.6624
     249.2216      33.7106
     248.2225      34.0861
     123.3813      23.0906
      91.9073      48.8689
      88.3446      40.4343
      94.2540      22.0628
     239.6064      34.6965
      85.5982      17.8200
      89.8233      18.1117
     238.8256      34.6889
     218.0736      33.4178
      94.0200      38.9824
     256.6810      35.6592
     112.2635      35.5534
      97.1405      39.4686
      97.6102      37.5152
      93.6720      43.1751
     216.3159      27.7290
     192.3712      27.3022
     109.9163      21.2575
      99.6399      39.8244
     252.5128      32.5709
     248.7584      33.0048
     226.8959      29.5974
     104.8382      38.3832
     105.6268      34.7810
     269.0600      37.5622
     101.7106      46.3958
      90.7000      53.6099
      95.9166      47.0096
     116.0168      29.3954
     133.2914      25.2174
     120.4339      20.4299
      71.8657      14.5360
     100.5721      45.0725
     112.6906      34.9442
     100.4219      19.3184
     197.2669      25.5498
     221.4117      32.0852
     214.6109      27.5092
     105.6812      32.1716
     107.7520      20.6649
      96.2107      36.2818
      56.8356      15.0772
     234.3234      31.9893
      96.9145      33.1937
     213.6872      30.3958
     197.8932      26.6818
     109.4271      41.9877
     248.8740      32.3565
     109.4289      29.1556
     112.1381      42.2344
      96.5799      22.0103
     205.0491      26.8540
     113.9470      43.8201
      98.1277      39.3049
     231.3486      29.7895
     106.1529      45.9015
      92.1007      17.4543
      83.6187      19.0052
      90.8679      45.3918
      92.6438      45.1688
      99.4605      45.1046
     212.1005      28.8796
     125.9064      24.0139
      99.7793      31.3799
     117.3850      22.5276
     209.4112      28.9310
      96.7840      48.5043
     185.8993      26.2115
     100.0284      19.2589
     213.3080      26.9589
     218.0536      29.5031
     108.6621      42.2072
      88.1918      46.0602
     240.2290      32.7736
     200.4009      24.8626
     215.2205      30.2767
     120.0565      25.0859
     106.2859      45.0596
      88.7356      46.4465
     212.1792      32.0752
     107.3485      35.6106
      95.6353      20.3993
      89.1801      33.5520
     216.7740      29.7823
     197.1077      25.5934
     103.7728      42.1799
     153.7366      26.7932
     188.5131      25.4675
      99.0769      35.2712
     108.7439      33.9914
     222.1074      30.2885
     206.5369      28.4264
     199.9990      27.6301
     207.5739      28.1558
     232.8958      30.2569
     228.9389      29.6717
     118.3628      23.0652
     204.9449      28.0431
      82.0937      43.5784
     243.6836      33.5467
      95.2311      21.0362
     221.6700      29.5445
      97.1040      19.8635
     222.5207      29.2929
      88.9313      39.5266
     204.6137      26.3683
     187.7058      24.9242
     100.8579      18.1428
     101.7586      19.3014
     107.9578      42.1402
     132.8982      27.5973
     237.7447      32.1521
      91.2805      38.0620
     219.8733      27.9034
     109.6466      22.8316
      66.3429      16.0940
      59.0775      14.0620
     203.9482      27.8578
     108.8579      36.1266
     116.9202      21.9924
      90.1174      41.3694
     220.0242      30.0611
     199.6037      24.3233
     128.5418      25.1351
     237.2558      28.5990
      86.1270      40.9242
     234.8999      30.5973
     240.3205      32.9539
     102.0155      21.0142
     109.3172      43.2511
     119.2423      19.3491
      91.7723      18.5004
     183.9927      24.6807
     109.8469      42.8464
     118.5607      24.6906
      95.8888      39.0954
      90.1171      38.6695
      98.3343      34.4671
     239.3356      34.6155
     111.2969      20.0545
     110.1723      36.1545
     116.1586      37.0244
     109.5639      36.9358
     198.6123      27.6490
      87.6756      21.1558
     105.1620      39.1001
     200.2401      26.9963
      99.2257      21.0516
      92.0725      34.2052
     105.3996      20.8373
     231.0453      28.9370
      93.9415      40.6323
     227.6967      29.3993
      85.4114      19.8602
      98.1097      32.3509
      92.4868      41.8580
     111.7928      50.3969
      92.9252      36.0271
     201.1422      26.3318
     129.9172      22.4937
     119.4721      23.1292
     223.2960      31.3285
     195.4530      24.6754
      85.3774      39.4133
     210.9203      31.1020
     108.7790      32.2877
     183.6222      24.5184
     239.8310      33.5857
     212.5563      27.1577
     105.0195      19.8790
      97.9864      35.2908
     217.4573      29.1357
     117.1178      22.9830
     116.5045      39.7040
      86.0167      46.5752
     241.8712      32.7690
     189.6319      23.6368
     112.7488      39.3367
     104.5688      44.6224
      77.4390      19.2406
      98.0097      20.7958
     112.8900      35.9297
     220.1116      29.9209
     143.0481      25.8935
     221.3926      29.4418
     235.8754      31.6255
      88.3186      20.0953
     102.2472      36.9938
      99.6149      42.1682
      93.6355      34.0387