     135.6176      39.3134
     222.2470      26.5338
     152.5396      46.5317
     175.2222      33.0348
     110.2923      23.7602
     197.1070      30.5650
     203.0730      27.8666
     144.7972      39.7374
      66.7303      18.5353
     242.5058      27.9039
     127.1966      17.9368
     219.4602      31.5072
     110.3339      21.6081
     236.7373      29.6061
     236.3425      28.4752
     154.3334      46.2693
     146.3369      52.4179
     141.4229      50.3813
     137.0509      44.6808
      79.5202      20.5047
     190.7319      31.1401
     226.9944      31.8385
     147.0647      44.5484
     153.3155      39.9510
     102.1411      17.7870
     156.8380      48.4729
     133.8724      40.2459
     134.6083      51.4395
     157.9182      43.4871
     194.4131      30.0290
     140.6042      46.5306
     242.9739      32.4760
     104.1070      21.5141
     236.1155      30.8442
     154.3670      47.7699
     141.1405      32.9155
     215.8418      31.3654
     157.0642      41.1199
     202.6591      29.2199
     137.4063      51.1705
     161.6442      33.2049
     159.8378      42.8276
      87.7655      17.6479
      90.8604      20.9201
     229.4138      25.1229
     258.1716      25.3876
     101.6566      18.2077
     225.1044      24.4434
     118.4466      23.1980
     209.0067      35.2877
     138.7301      38.8481
     237.1958      29.9765
     150.4037      41.0666
     160.9211      51.1358
     153.4572      36.6479
     152.6725      51.5392
     163.2927      45.0021
     144.8535      39.5128
     132.4574      54.1986
     132.8227      38.1049
     232.6448      28.5128
     153.3065      47.9434
     153.7058      46.1270
     220.2423      27.9050
     215.8354      27.4416
     172.4627      39.0359
     166.0242      47.6161
     161.2391      41.5956
      86.1636      26.1839
     139.7150      49.1589
     118.7320      24.5732
     239.4444      32.9280
     154.1434      43.9734
     130.6883      19.0035
     107.3644      14.5820
     230.2608      25.4337
     117.2243      17.9946
     247.1938      27.4083
     132.5689      47.3004
     136.8030      46.2911
     115.8908      23.5897
     134.0518      47.9619
     102.1336      18.5941
     219.2400      31.3263
     147.1166      41.1033
      85.7986      13.0505
     209.0639      31.2410
      93.4119      21.7795
     139.5889      43.8151
     230.2473      25.7233
      99.1301      20.9573
     101.5178      17.3247
     134.0594      45.5321
     120.3146      16.3220
     145.4542      33.3244
     235.7764      33.0098
     142.9305      45.5987
     196.5672      31.3874
     153.1214      40.3979
     188.3427      31.4439
     217.2764      32.2651
     230.4770      29.4572
     144.5121      44.4380
     112.6317      18.5982
      81.9148      16.0571
     207.4998      35.2584
     214.2590      26.0426
     106.3828      17.8920
     235.4281      29.8233
     141.4638      49.9586
     219.1766      35.9227
     137.9046      20.4672
     236.1864      28.7370
     238.4896      34.7076
     218.7032      29.4082
     146.2929      35.6101
     217.9167      27.0127
     227.1846      30.6913
      76.4827      22.0672
     217.9005      29.2435
     201.9815      27.0923
     226.5484      27.3752
     164.8009      45.1624
     134.2928      19.9738
      83.8930      14.7714
     133.3063      42.3443
      83.2558      19.5962
     191.8042      30.3128
     137.9201      26.3931
      93.6195      18.8429
     208.6125      31.4878
     223.8752      30.6089
     117.2019      20.7865
      86.8972      19.9595
     148.1431      48.4787
     197.5273      25.7226
     272.0875      29.3863
     153.0891      41.1879
     233.0583      27.8298
      97.8964      13.0947
     211.1826      35.9914
     212.3090      32.1289
      80.9064      18.7331
     106.9813      15.1805
     107.1579      23.3194
     197.4094      29.4500
      97.6605      21.4472
      95.3439      21.2060
     130.2034      39.2319
      94.7329      19.2361
     101.2229      26.4456
      98.9008      16.3518
     110.3022      22.8182
     150.0353      46.3295
     238.5050      29.6271
      72.3086      24.7731
     229.5578      33.0425
      99.5520      21.3969
      95.1040      17.0988
     145.6192      40.3917
     236.7810      25.5588
     139.1252      40.7872
     246.1968      31.8423
      72.6101      18.7356
     153.1090      46.1147
     138.4997      46.8695
     155.4139      50.1218
     215.8178      27.7758
      95.7315      20.7729
     150.1593      49.0864
     120.4888      22.0759
     242.4434      33.4162
     202.8335      25.8412
     241.0849      29.9030
     102.4314      20.9786
     135.4002      38.8990
     215.1864      29.6304
     231.4482      22.5547
     214.9355      28.7103
      98.0906      22.2314
     244.5387      32.2465
     144.3727      44.5787
     102.6298      17.5444
     196.4116      29.4466
     198.2215      28.0756
     215.8851      35.3586
      99.4264      21.6697
     279.0399      26.1396
     259.1249      25.6356
     147.0209      43.9487
     141.5706      39.6380
     134.3721      44.7553
     201.5763      31.5668
     166.6310      28.5379
     120.6279      22.0138
      69.8322      19.9665
     231.1744      29.4693
     134.8455      49.1486
     206.3709      34.5523
      70.9539      18.3390